%x	%chargebalance	totvolume	A	poreD	dx	porosity	saturation	pH	pe	Al	C	Ca	Cl	E	Fe	H	K	Mg	Na	S	Si	Sr	Brucite[s]	C3AH6[s]	C4FH13[s]	CSH0_8[s]	CSH1_2[s]	CSH1_6[s]	Calcite[s]	Celestite[s]	Dolomite[s]	Ettringite[s]	Ettringite-Fe[s]	Ferrihydrite[am][s]	Hydrotalcite[s]	Hydrotalcite-CO3[s]	Magnetite[s]	Monosulfate-Fe[s]	Portlandite[s]	Pyrite[s]	Pyrrhotite[s]	Saponite-FeCa[s]	SiO2[am][s]	Siderite[s]	Stratlingite[s]
0.01	0.06949845373483836	20.0	1.0	3.38e-11	0.01	0.13	1.0	13.612127916799118	-5.0072531643029565	0.0006539524958879857	0.0005633358672174169	0.0005057492823336373	1.1129999999999993e-10	-1.210219151692222e-06	1.2102198271488399e-06	-0.5925630433398021	0.47429999999999994	2.1473784196215817e-10	0.19409999999999897	0.00409440911011839	0.00015214415265085528	1.112999999999981e-16	0.0	0.0831682293228514	0.12220000933584298	0.0	0.0	1.5000084412601553	16.92001836633726	0.0	0.0	0.04682690227189487	0.0	0.0	0.01559999999302102	0.0	9.999999991216366e-05	0.0	1.5308513412964908	0.0	0.0	0.0	0.0	0.0	0.0
0.03	0.06949845373483614	20.0	1.0	3.38e-11	0.01	0.13	1.0	13.61212791679912	-5.0072531643029485	0.0006539524958879963	0.0005633358672174178	0.0005057492823336385	1.1129999999999993e-10	-1.210219151692242e-06	1.2102198271488598e-06	-0.5925630433398046	0.47430000000000005	2.1473784196215815e-10	0.1940999999999989	0.004094409110118327	0.0001521441526508558	1.112999999999981e-16	0.0	0.0831682293228514	0.12220000933584298	0.0	0.0	1.5000084412601553	16.92001836633726	0.0	0.0	0.04682690227189487	0.0	0.0	0.01559999999302102	0.0	9.999999991217139e-05	0.0	1.5308513412964895	0.0	0.0	0.0	0.0	0.0	0.0
0.05	0.06949845373485279	20.0	1.0	3.38e-11	0.01	0.13	1.0	13.612127916799107	-5.0072531643029405	0.0006539524958879649	0.0005633358672173881	0.0005057492823336566	1.1129999999999993e-10	-1.2102191516922245e-06	1.2102198271488424e-06	-0.5925630433397883	0.4742999999999999	2.1473784196216448e-10	0.19409999999999897	0.004094409110118141	0.00015214415265084807	1.1129999999999766e-16	0.0	0.08316822932285141	0.12220000933584296	0.0	0.0	1.5000084412601553	16.92001836633726	0.0	0.0	0.04682690227189488	0.0	0.0	0.01559999999302102	0.0	9.999999991217911e-05	0.0	1.530851341296492	0.0	0.0	0.0	0.0	0.0	0.0
0.07	0.06949845373484557	20.0	1.0	3.38e-11	0.01	0.13	1.0	13.612127916799112	-5.007253164302944	0.0006539524958879758	0.0005633358672174002	0.0005057492823336492	1.1129999999999993e-10	-1.210219151692222e-06	1.2102198271488399e-06	-0.5925630433397954	0.47430000000000005	2.1473784196216265e-10	0.194099999999999	0.004094409110118274	0.00015214415265084964	1.1129999999999722e-16	0.0	0.08316822932285138	0.12220000933584299	0.0	0.0	1.5000084412601553	16.92001836633726	0.0	0.0	0.04682690227189488	0.0	0.0	0.01559999999302102	0.0	9.999999991215908e-05	0.0	1.53085134129649	0.0	0.0	0.0	0.0	0.0	0.0
0.09	0.06949845373486933	20.0	1.0	3.38e-11	0.01	0.13	1.0	13.612127916799095	-5.00725316430295	0.0006539524958879345	0.0005633358672173587	0.0005057492823336725	1.112999999999995e-10	-1.210219151692165e-06	1.210219827148783e-06	-0.592563043339772	0.47429999999999983	2.147378419621726e-10	0.19409999999999894	0.004094409110117923	0.00015214415265083872	1.1129999999999774e-16	0.0	0.08316822932285135	0.12220000933584298	0.0	0.0	1.5000084412601553	16.92001836633726	0.0	0.0	0.0468269022718949	0.0	0.0	0.01559999999302102	0.0	9.9999999912167e-05	0.0	1.5308513412964913	0.0	0.0	0.0	0.0	0.0	0.0
0.11	0.06949845373483847	20.0	1.0	3.38e-11	0.01	0.13	1.0	13.612127916799118	-5.007253164302969	0.0006539524958879642	0.00056333586721741	0.0005057492823336419	1.1129999999999993e-10	-1.210219151692242e-06	1.2102198271488598e-06	-0.5925630433398021	0.47429999999999994	2.147378419621652e-10	0.194099999999999	0.004094409110118312	0.0001521441526508528	1.1129999999999806e-16	0.0	0.0831682293228514	0.12220000933584298	0.0	0.0	1.5000084412601553	16.92001836633726	0.0	0.0	0.04682690227189488	0.0	0.0	0.01559999999302102	0.0	9.999999991217472e-05	0.0	1.5308513412964897	0.0	0.0	0.0	0.0	0.0	0.0
0.13	0.06949845373485013	20.0	1.0	3.38e-11	0.01	0.13	1.0	13.612127916799109	-5.007253164302957	0.0006539524958879756	0.0005633358672173924	0.000505749282333651	1.1129999999999948e-10	-1.2102191516922046e-06	1.2102198271488225e-06	-0.5925630433397907	0.4743	2.1473784196216534e-10	0.19409999999999888	0.004094409110118208	0.00015214415265084983	1.1129999999999769e-16	0.0	0.08316822932285137	0.12220000933584296	0.0	0.0	1.5000084412601553	16.92001836633726	0.0	0.0	0.04682690227189488	0.0	0.0	0.01559999999302102	0.0	9.999999991218245e-05	0.0	1.5308513412964917	0.0	0.0	0.0	0.0	0.0	0.0
0.15	0.06949845373484069	20.0	1.0	3.38e-11	0.01	0.13	1.0	13.612127916799116	-5.007253164302959	0.0006539524958879752	0.0005633358672174103	0.0005057492823336406	1.1129999999999993e-10	-1.210219151692222e-06	1.2102198271488399e-06	-0.5925630433398	0.47429999999999994	2.147378419621626e-10	0.19409999999999897	0.004094409110118338	0.00015214415265085365	1.1129999999999769e-16	0.0	0.08316822932285138	0.12220000933584299	0.0	0.0	1.5000084412601553	16.92001836633726	0.0	0.0	0.04682690227189488	0.0	0.0	0.01559999999302102	0.0	9.999999991216242e-05	0.0	1.53085134129649	0.0	0.0	0.0	0.0	0.0	0.0
0.17	0.06949845373486234	20.0	1.0	3.38e-11	0.01	0.13	1.0	13.6121279167991	-5.0072531643029246	0.0006539524958879662	0.0005633358672173694	0.0005057492823336678	1.112999999999995e-10	-1.2102191516922046e-06	1.2102198271488225e-06	-0.5925630433397792	0.47430000000000005	2.1473784196216637e-10	0.19409999999999894	0.004094409110117945	0.0001521441526508444	1.1129999999999769e-16	0.0	0.08316822932285135	0.12220000933584298	0.0	0.0	1.5000084412601553	16.92001836633726	0.0	0.0	0.04682690227189489	0.0	0.0	0.01559999999302102	0.0	9.999999991217014e-05	0.0	1.5308513412964917	0.0	0.0	0.0	0.0	0.0	0.0
0.19	0.06949845373482626	20.0	1.0	3.38e-11	0.01	0.13	1.0	13.612127916799126	-5.007253164302951	0.0006539524958879739	0.0005633358672174375	0.0005057492823336236	1.1130000000000034e-10	-1.2102191516922815e-06	1.2102198271488994e-06	-0.5925630433398137	0.47429999999999994	2.1473784196215802e-10	0.19409999999999894	0.004094409110118531	0.00015214415265086013	1.1129999999999808e-16	0.0	0.0831682293228514	0.12220000933584296	0.0	0.0	1.5000084412601553	16.92001836633726	0.0	0.0	0.046826902271894864	0.0	0.0	0.01559999999302102	0.0	9.999999991217806e-05	0.0	1.5308513412964897	0.0	0.0	0.0	0.0	0.0	0.0
0.21	0.06949845373486445	20.0	1.0	3.38e-11	0.01	0.13	1.0	13.612127916799098	-5.00725316430294	0.000653952495887977	0.0005633358672173685	0.0005057492823336668	1.112999999999995e-10	-1.2102191516922046e-06	1.2102198271488225e-06	-0.5925630433397768	0.47429999999999994	2.1473784196216903e-10	0.19409999999999897	0.004094409110117955	0.00015214415265084276	1.1129999999999727e-16	0.0	0.0831682293228514	0.12220000933584299	0.0	0.0	1.5000084412601553	16.92001836633726	0.0	0.0	0.04682690227189489	0.0	0.0	0.01559999999302102	0.0	9.999999991215822e-05	0.0	1.5308513412964913	0.0	0.0	0.0	0.0	0.0	0.0
0.23	0.06949845373483825	20.0	1.0	3.38e-11	0.01	0.13	1.0	13.612127916799118	-5.007253164302987	0.0006539524958879857	0.0005633358672174169	0.0005057492823336373	1.1129999999999993e-10	-1.2102191516922023e-06	1.2102198271488202e-06	-0.5925630433398023	0.4742999999999999	2.147378419621573e-10	0.19409999999999902	0.004094409110118422	0.00015214415265085468	1.112999999999981e-16	0.0	0.08316822932285138	0.12220000933584298	0.0	0.0	1.5000084412601553	16.92001836633726	0.0	0.0	0.04682690227189487	0.0	0.0	0.01559999999302102	0.0	9.999999991216594e-05	0.0	1.5308513412964906	0.0	0.0	0.0	0.0	0.0	0.0
0.25	0.06949845373486467	20.0	1.0	3.38e-11	0.01	0.13	1.0	13.612127916799098	-5.007253164302955	0.0006539524958879559	0.0005633358672173663	0.0005057492823336673	1.112999999999995e-10	-1.210219151692165e-06	1.210219827148783e-06	-0.5925630433397767	0.4743000000000001	2.1473784196216727e-10	0.19409999999999897	0.0040944091101179384	0.00015214415265084338	1.1129999999999857e-16	0.0	0.0831682293228514	0.12220000933584298	0.0	0.0	1.5000084412601553	16.92001836633726	0.0	0.0	0.04682690227189489	0.0	0.0	0.01559999999302102	0.0	9.999999991217367e-05	0.0	1.5308513412964921	0.0	0.0	0.0	0.0	0.0	0.0
0.27	0.0694984537348216	20.0	1.0	3.38e-11	0.01	0.13	1.0	13.61212791679913	-5.007253164302933	0.0006539524958879953	0.0005633358672174442	0.0005057492823336219	1.1130000000000034e-10	-1.2102191516922989e-06	1.2102198271489168e-06	-0.5925630433398182	0.47429999999999994	2.1473784196215448e-10	0.19409999999999888	0.004094409110118582	0.0001521441526508605	1.1129999999999712e-16	0.0	0.08316822932285138	0.12220000933584296	0.0	0.0	1.5000084412601553	16.92001836633726	0.0	0.0	0.04682690227189486	0.0	0.0	0.01559999999302102	0.0	9.999999991218139e-05	0.0	1.5308513412964901	0.0	0.0	0.0	0.0	0.0	0.0
0.29	0.06949845373486467	20.0	1.0	3.38e-11	0.01	0.13	1.0	13.612127916799098	-5.007253164302893	0.0006539524958879559	0.0005633358672173652	0.0005057492823336704	1.112999999999995e-10	-1.2102191516922245e-06	1.2102198271488424e-06	-0.5925630433397767	0.47429999999999994	2.147378419621699e-10	0.19409999999999897	0.004094409110117921	0.0001521441526508409	1.1129999999999727e-16	0.0	0.08316822932285138	0.12220000933584299	0.0	0.0	1.5000084412601553	16.92001836633726	0.0	0.0	0.04682690227189489	0.0	0.0	0.01559999999302102	0.0	9.999999991216136e-05	0.0	1.5308513412964917	0.0	0.0	0.0	0.0	0.0	0.0
0.3214285714	-2.2177788491318517e-08	42.85714	1.0	1.44e-10	0.021428	0.18	1.0	7.045750742788256	-2.7403316791590937	8.519999888718324e-08	0.0040527659406942905	0.007713414074337975	0.0412000000000001	-8.480900300124439e-10	6.112009681928646e-05	0.004557721252975311	0.0005110000000000026	0.005149731708955168	0.04010000000000017	0.011108154051558811	0.00017999999999999912	0.00025215417271538934	0.0	0.0	0.0	0.0	0.0	0.0	5.0380011371742315	0.12419853224891123	0.4967964482923878	0.0	0.0	0.0	0.0	0.0	0.0	0.0	0.0	0.190800000010904	0.0	0.0	0.0	0.19800006837166848	0.0
0.3642857143	-2.2177793327124474e-08	42.85714	1.0	1.44e-10	0.021428	0.18	1.0	7.0457507427883055	-2.740331679159155	8.51999988871826e-08	0.004052765940694485	0.007713414074336496	0.041200000000000105	-8.480900300123548e-10	6.112009681927556e-05	0.004557721252975484	0.0005110000000000019	0.005149731708954174	0.040100000000000184	0.011108154051558636	0.00017999999999999914	0.00025215417271538007	0.0	0.0	0.0	0.0	0.0	0.0	5.038001137174231	0.12419853224891123	0.49679644829238795	0.0	0.0	0.0	0.0	0.0	0.0	0.0	0.0	0.190800000010904	0.0	0.0	0.0	0.19800006837166848	0.0
0.4071428571	-2.217778069996304e-08	42.85714	1.0	1.44e-10	0.021428	0.18	1.0	7.04575074278815	-2.740331679158967	8.519999888718277e-08	0.004052765940694211	0.00771341407434043	0.04120000000000006	-8.480900300125798e-10	6.112009681930444e-05	0.004557721252975324	0.000511000000000002	0.005149731708956816	0.04010000000000017	0.011108154051559144	0.0001799999999999992	0.00025215417271540457	0.0	0.0	0.0	0.0	0.0	0.0	5.0380011371742315	0.12419853224891121	0.49679644829238745	0.0	0.0	0.0	0.0	0.0	0.0	0.0	0.0	0.190800000010904	0.0	0.0	0.0	0.19800006837166845	0.0
0.45	-2.2177795101791482e-08	42.85714	1.0	1.44e-10	0.021428	0.18	1.0	7.045750742788323	-2.740331679159176	8.519999888718218e-08	0.004052765940694505	0.007713414074336117	0.04120000000000009	-8.480900300122971e-10	6.112009681927285e-05	0.0045577212529754885	0.0005110000000000023	0.005149731708953915	0.04010000000000016	0.011108154051558853	0.00017999999999999917	0.000252154172715373	0.0	0.0	0.0	0.0	0.0	0.0	5.038001137174231	0.12419853224891123	0.496796448292388	0.0	0.0	0.0	0.0	0.0	0.0	0.0	0.0	0.190800000010904	0.0	0.0	0.0	0.19800006837166848	0.0
0.4928571429	-2.2177782865544222e-08	42.85714	1.0	1.44e-10	0.021428	0.18	1.0	7.045750742788181	-2.7403316791590058	8.519999888718367e-08	0.0040527659406942385	0.00771341407433968	0.04120000000000009	-8.480900300125238e-10	6.1120096819299e-05	0.004557721252975325	0.0005110000000000026	0.005149731708956316	0.040100000000000156	0.011108154051558933	0.00017999999999999923	0.0002521541727154018	0.0	0.0	0.0	0.0	0.0	0.0	5.0380011371742315	0.12419853224891121	0.49679644829238756	0.0	0.0	0.0	0.0	0.0	0.0	0.0	0.0	0.190800000010904	0.0	0.0	0.0	0.19800006837166848	0.0
0.5357142857	-2.217778291339735e-08	42.85714	1.0	1.44e-10	0.021428	0.18	1.0	7.045750742788165	-2.7403316791589867	8.519999888718304e-08	0.004052765940694382	0.007713414074339747	0.0412000000000001	-8.480900300125418e-10	6.112009681929946e-05	0.004557721252975503	0.0005110000000000021	0.005149731708956358	0.040100000000000184	0.011108154051559023	0.00017999999999999923	0.0002521541727154008	0.0	0.0	0.0	0.0	0.0	0.0	5.0380011371742315	0.12419853224891121	0.49679644829238756	0.0	0.0	0.0	0.0	0.0	0.0	0.0	0.0	0.190800000010904	0.0	0.0	0.0	0.19800006837166848	0.0
0.5785714286	-2.217778365857035e-08	42.85714	1.0	1.44e-10	0.021428	0.18	1.0	7.045750742788189	-2.740331679159013	8.519999888718145e-08	0.0040527659406942185	0.007713414074339611	0.04120000000000009	-8.480900300125395e-10	6.112009681929843e-05	0.004557721252975295	0.0005110000000000023	0.005149731708956265	0.04010000000000016	0.011108154051559214	0.00017999999999999925	0.00025215417271539644	0.0	0.0	0.0	0.0	0.0	0.0	5.0380011371742315	0.12419853224891121	0.49679644829238756	0.0	0.0	0.0	0.0	0.0	0.0	0.0	0.0	0.190800000010904	0.0	0.0	0.0	0.19800006837166848	0.0
0.6214285714	-2.2177794284281025e-08	42.85714	1.0	1.44e-10	0.021428	0.18	1.0	7.04575074278831	-2.740331679159157	8.519999888718191e-08	0.004052765940694464	0.007713414074336541	0.041200000000000125	-8.480900300123501e-10	6.112009681927598e-05	0.004557721252975455	0.0005110000000000026	0.005149731708954196	0.04010000000000018	0.011108154051559172	0.00017999999999999914	0.0002521541727153708	0.0	0.0	0.0	0.0	0.0	0.0	5.038001137174231	0.12419853224891123	0.49679644829238795	0.0	0.0	0.0	0.0	0.0	0.0	0.0	0.0	0.190800000010904	0.0	0.0	0.0	0.19800006837166848	0.0
0.6642857143	-2.217779432107105e-08	42.85714	1.0	1.44e-10	0.021428	0.18	1.0	7.045750742788325	-2.740331679159175	8.519999888718205e-08	0.0040527659406943235	0.007713414074336502	0.041200000000000105	-8.48090030012349e-10	6.11200968192757e-05	0.004557721252975282	0.000511000000000002	0.00514973170895417	0.040100000000000156	0.01110815405155918	0.00017999999999999917	0.0002521541727153703	0.0	0.0	0.0	0.0	0.0	0.0	5.038001137174231	0.12419853224891123	0.49679644829238795	0.0	0.0	0.0	0.0	0.0	0.0	0.0	0.0	0.190800000010904	0.0	0.0	0.0	0.19800006837166845	0.0
0.7071428571	-2.217779267000055e-08	42.85714	1.0	1.44e-10	0.021428	0.18	1.0	7.0457507427882895	-2.7403316791591337	8.519999888718329e-08	0.004052765940694453	0.007713414074336986	0.04120000000000011	-8.480900300123652e-10	6.112009681927929e-05	0.0045577212529754624	0.0005110000000000023	0.005149731708954496	0.040100000000000184	0.01110815405155913	0.00017999999999999914	0.000252154172715375	0.0	0.0	0.0	0.0	0.0	0.0	5.038001137174231	0.12419853224891123	0.4967964482923879	0.0	0.0	0.0	0.0	0.0	0.0	0.0	0.0	0.190800000010904	0.0	0.0	0.0	0.19800006837166845	0.0
0.75	-2.2177780798296787e-08	42.85714	1.0	1.44e-10	0.021428	0.18	1.0	7.045750742788156	-2.740331679158975	8.519999888718195e-08	0.0040527659406941995	0.007713414074340286	0.041200000000000084	-8.480900300125951e-10	6.11200968193034e-05	0.004557721252975305	0.0005110000000000023	0.005149731708956723	0.040100000000000156	0.011108154051558947	0.00017999999999999923	0.00025215417271540707	0.0	0.0	0.0	0.0	0.0	0.0	5.0380011371742315	0.12419853224891121	0.4967964482923875	0.0	0.0	0.0	0.0	0.0	0.0	0.0	0.0	0.190800000010904	0.0	0.0	0.0	0.19800006837166848	0.0
0.7928571429	-2.217779160181916e-08	42.85714	1.0	1.44e-10	0.021428	0.18	1.0	7.045750742788284	-2.74033167915913	8.519999888718228e-08	0.004052765940694458	0.007713414074336991	0.04120000000000009	-8.480900300123753e-10	6.112009681927932e-05	0.004557721252975475	0.0005110000000000022	0.0051497317089545065	0.04010000000000017	0.011108154051558627	0.0001799999999999993	0.0002521541727153846	0.0	0.0	0.0	0.0	0.0	0.0	5.038001137174231	0.12419853224891123	0.4967964482923879	0.0	0.0	0.0	0.0	0.0	0.0	0.0	0.0	0.190800000010904	0.0	0.0	0.0	0.19800006837166848	0.0
0.8357142857	-2.2177782493429943e-08	42.85714	1.0	1.44e-10	0.021428	0.18	1.0	7.0457507427881785	-2.7403316791590018	8.519999888718182e-08	0.004052765940694218	0.007713414074339774	0.04120000000000008	-8.480900300125502e-10	6.112009681929962e-05	0.004557721252975303	0.0005110000000000026	0.005149731708956379	0.04010000000000015	0.011108154051558926	0.00017999999999999923	0.00025215417271540273	0.0	0.0	0.0	0.0	0.0	0.0	5.0380011371742315	0.12419853224891121	0.49679644829238756	0.0	0.0	0.0	0.0	0.0	0.0	0.0	0.0	0.190800000010904	0.0	0.0	0.0	0.19800006837166848	0.0
0.8785714286	-2.217778287178008e-08	42.85714	1.0	1.44e-10	0.021428	0.18	1.0	7.045750742788166	-2.7403316791589876	8.519999888718347e-08	0.004052765940694365	0.007713414074339768	0.0412000000000001	-8.480900300125267e-10	6.112009681929962e-05	0.004557721252975485	0.0005110000000000021	0.005149731708956372	0.04010000000000016	0.011108154051559037	0.00017999999999999923	0.00025215417271540094	0.0	0.0	0.0	0.0	0.0	0.0	5.0380011371742315	0.12419853224891121	0.49679644829238756	0.0	0.0	0.0	0.0	0.0	0.0	0.0	0.0	0.190800000010904	0.0	0.0	0.0	0.19800006837166845	0.0
0.9214285714	-2.2177786845220945e-08	42.85714	1.0	1.44e-10	0.021428	0.18	1.0	7.045750742788241	-2.740331679159077	8.519999888718332e-08	0.004052765940694275	0.007713414074338283	0.041200000000000084	-8.480900300124669e-10	6.112009681928865e-05	0.004557721252975308	0.0005110000000000016	0.005149731708955379	0.04010000000000017	0.01110815405155854	0.0001799999999999991	0.0002521541727153966	0.0	0.0	0.0	0.0	0.0	0.0	5.0380011371742315	0.12419853224891123	0.4967964482923877	0.0	0.0	0.0	0.0	0.0	0.0	0.0	0.0	0.190800000010904	0.0	0.0	0.0	0.19800006837166845	0.0
0.9642857143	-2.2177779404401588e-08	42.85714	1.0	1.44e-10	0.021428	0.18	1.0	7.04575074278812	-2.740331679158931	8.519999888718283e-08	0.0040527659406943235	0.007713414074340845	0.041200000000000105	-8.480900300126338e-10	6.112009681930749e-05	0.0045577212529754815	0.0005110000000000018	0.005149731708957096	0.04010000000000018	0.011108154051559162	0.00017999999999999917	0.00025215417271540734	0.0	0.0	0.0	0.0	0.0	0.0	5.038001137174231	0.12419853224891123	0.49679644829238745	0.0	0.0	0.0	0.0	0.0	0.0	0.0	0.0	0.190800000010904	0.0	0.0	0.0	0.19800006837166848	0.0
1.0071428571	-2.217779242226798e-08	42.85714	1.0	1.44e-10	0.021428	0.18	1.0	7.045750742788298	-2.7403316791591434	8.519999888718292e-08	0.004052765940694328	0.007713414074337062	0.04120000000000009	-8.480900300123767e-10	6.112009681927979e-05	0.0045577212529753115	0.0005110000000000023	0.005149731708954548	0.040100000000000156	0.011108154051559184	0.00017999999999999914	0.00025215417271537503	0.0	0.0	0.0	0.0	0.0	0.0	5.038001137174231	0.12419853224891123	0.4967964482923879	0.0	0.0	0.0	0.0	0.0	0.0	0.0	0.0	0.190800000010904	0.0	0.0	0.0	0.19800006837166848	0.0
1.05	-2.2177780436196978e-08	42.85714	1.0	1.44e-10	0.021428	0.18	1.0	7.045750742788143	-2.740331679158963	8.51999988871829e-08	0.004052765940694346	0.007713414074340218	0.041200000000000105	-8.48090030012537e-10	6.112009681930283e-05	0.004557721252975485	0.000511000000000002	0.005149731708956682	0.040100000000000184	0.011108154051558608	0.0001799999999999992	0.00025215417271541265	0.0	0.0	0.0	0.0	0.0	0.0	5.038001137174231	0.12419853224891123	0.4967964482923875	0.0	0.0	0.0	0.0	0.0	0.0	0.0	0.0	0.190800000010904	0.0	0.0	0.0	0.19800006837166848	0.0
1.0928571429	-2.2177778077611717e-08	42.85714	1.0	1.44e-10	0.021428	0.18	1.0	7.045750742788127	-2.7403316791589427	8.519999888718256e-08	0.0040527659406941864	0.007713414074340875	0.041200000000000105	-8.480900300126081e-10	6.112009681930774e-05	0.0045577212529753185	0.0005110000000000022	0.005149731708957124	0.040100000000000184	0.01110815405155862	0.000179999999999999	0.0002521541727154177	0.0	0.0	0.0	0.0	0.0	0.0	5.038001137174231	0.12419853224891123	0.49679644829238745	0.0	0.0	0.0	0.0	0.0	0.0	0.0	0.0	0.190800000010904	0.0	0.0	0.0	0.19800006837166848	0.0
1.1357142857	-2.2177783055465103e-08	42.85714	1.0	1.44e-10	0.021428	0.18	1.0	7.045750742788169	-2.7403316791589902	8.519999888718289e-08	0.00405276594069436	0.0077134140743397184	0.04120000000000012	-8.480900300125531e-10	6.112009681929928e-05	0.0045577212529754755	0.0005110000000000027	0.005149731708956339	0.040100000000000184	0.011108154051559047	0.00017999999999999923	0.00025215417271540034	0.0	0.0	0.0	0.0	0.0	0.0	5.0380011371742315	0.12419853224891121	0.49679644829238756	0.0	0.0	0.0	0.0	0.0	0.0	0.0	0.0	0.190800000010904	0.0	0.0	0.0	0.19800006837166845	0.0
1.1785714286	-2.217778644130566e-08	42.85714	1.0	1.44e-10	0.021428	0.18	1.0	7.045750742788233	-2.7403316791590684	8.519999888718289e-08	0.004052765940694266	0.007713414074338482	0.04120000000000009	-8.480900300124311e-10	6.11200968192902e-05	0.004557721252975306	0.0005110000000000022	0.005149731708955511	0.040100000000000156	0.011108154051558669	0.0001799999999999991	0.00025215417271539617	0.0	0.0	0.0	0.0	0.0	0.0	5.0380011371742315	0.12419853224891121	0.4967964482923877	0.0	0.0	0.0	0.0	0.0	0.0	0.0	0.0	0.190800000010904	0.0	0.0	0.0	0.19800006837166845	0.0
1.2214285714	-2.21777916403905e-08	42.85714	1.0	1.44e-10	0.021428	0.18	1.0	7.045750742788285	-2.7403316791591306	8.519999888718285e-08	0.004052765940694465	0.007713414074336963	0.04120000000000011	-8.48090030012384e-10	6.112009681927896e-05	0.0045577212529754815	0.0005110000000000021	0.005149731708954489	0.04010000000000016	0.011108154051558586	0.00017999999999999933	0.00025215417271538506	0.0	0.0	0.0	0.0	0.0	0.0	5.038001137174231	0.12419853224891123	0.4967964482923879	0.0	0.0	0.0	0.0	0.0	0.0	0.0	0.0	0.190800000010904	0.0	0.0	0.0	0.19800006837166845	0.0
1.2642857143	-2.2177782107657257e-08	42.85714	1.0	1.44e-10	0.021428	0.18	1.0	7.045750742788174	-2.7403316791589964	8.519999888718391e-08	0.0040527659406942	0.0077134140743399015	0.0412000000000001	-8.480900300125527e-10	6.11200968193006e-05	0.004557721252975287	0.0005110000000000019	0.005149731708956465	0.04010000000000015	0.011108154051558934	0.00017999999999999923	0.00025215417271540376	0.0	0.0	0.0	0.0	0.0	0.0	5.0380011371742315	0.12419853224891121	0.4967964482923875	0.0	0.0	0.0	0.0	0.0	0.0	0.0	0.0	0.190800000010904	0.0	0.0	0.0	0.19800006837166848	0.0
1.3071428571	-2.2177780185334618e-08	42.85714	1.0	1.44e-10	0.021428	0.18	1.0	7.045750742788141	-2.74033167915896	8.519999888718187e-08	0.004052765940694327	0.007713414074340294	0.041200000000000084	-8.480900300125748e-10	6.11200968193034e-05	0.004557721252975463	0.0005110000000000024	0.005149731708956733	0.04010000000000016	0.011108154051558622	0.0001799999999999992	0.00025215417271541265	0.0	0.0	0.0	0.0	0.0	0.0	5.0380011371742315	0.12419853224891121	0.4967964482923875	0.0	0.0	0.0	0.0	0.0	0.0	0.0	0.0	0.190800000010904	0.0	0.0	0.0	0.19800006837166845	0.0
1.35	-2.217779193242374e-08	42.85714	1.0	1.44e-10	0.021428	0.18	1.0	7.045750742788302	-2.740331679159151	8.519999888718173e-08	0.004052765940694336	0.007713414074336862	0.04120000000000009	-8.480900300123523e-10	6.112009681927838e-05	0.004557721252975317	0.0005110000000000018	0.00514973170895442	0.04010000000000016	0.011108154051558627	0.00017999999999999914	0.00025215417271538354	0.0	0.0	0.0	0.0	0.0	0.0	5.038001137174231	0.12419853224891123	0.4967964482923879	0.0	0.0	0.0	0.0	0.0	0.0	0.0	0.0	0.190800000010904	0.0	0.0	0.0	0.19800006837166845	0.0
1.3928571429	-2.2177786707124932e-08	42.85714	1.0	1.44e-10	0.021428	0.18	1.0	7.0457507427882105	-2.74033167915904	8.519999888718302e-08	0.004052765940694423	0.007713414074338737	0.0412000000000001	-8.480900300124729e-10	6.112009681929199e-05	0.004557721252975506	0.0005110000000000021	0.005149731708955676	0.04010000000000015	0.011108154051559151	0.00017999999999999887	0.0002521541727153902	0.0	0.0	0.0	0.0	0.0	0.0	5.0380011371742315	0.12419853224891121	0.49679644829238767	0.0	0.0	0.0	0.0	0.0	0.0	0.0	0.0	0.190800000010904	0.0	0.0	0.0	0.19800006837166848	0.0
1.4357142857	-2.2177780569015983e-08	42.85714	1.0	1.44e-10	0.021428	0.18	1.0	7.045750742788151	-2.7403316791589685	8.519999888718232e-08	0.004052765940694188	0.007713414074340467	0.04120000000000007	-8.480900300125879e-10	6.112009681930469e-05	0.004557721252975298	0.000511000000000002	0.005149731708956842	0.04010000000000017	0.011108154051559155	0.0001799999999999992	0.00025215417271540446	0.0	0.0	0.0	0.0	0.0	0.0	5.0380011371742315	0.12419853224891121	0.49679644829238745	0.0	0.0	0.0	0.0	0.0	0.0	0.0	0.0	0.190800000010904	0.0	0.0	0.0	0.19800006837166845	0.0
1.4785714286	-2.2177783481952968e-08	42.85714	1.0	1.44e-10	0.021428	0.18	1.0	7.045750742788172	-2.740331679158993	8.519999888718277e-08	0.004052765940694346	0.007713414074339703	0.04120000000000009	-8.480900300125639e-10	6.112009681929917e-05	0.004557721252975454	0.0005110000000000018	0.005149731708956326	0.04010000000000016	0.011108154051559233	0.00017999999999999923	0.00025215417271539677	0.0	0.0	0.0	0.0	0.0	0.0	5.0380011371742315	0.12419853224891121	0.49679644829238756	0.0	0.0	0.0	0.0	0.0	0.0	0.0	0.0	0.190800000010904	0.0	0.0	0.0	0.19800006837166848	0.0
1.5214285714	-2.217778343135037e-08	42.85714	1.0	1.44e-10	0.021428	0.18	1.0	7.045750742788197	-2.740331679159026	8.519999888718288e-08	0.004052765940694213	0.007713414074339333	0.04120000000000009	-8.480900300124958e-10	6.112009681929642e-05	0.004557721252975281	0.0005110000000000019	0.005149731708956086	0.04010000000000016	0.01110815405155864	0.00017999999999999906	0.0002521541727154044	0.0	0.0	0.0	0.0	0.0	0.0	5.0380011371742315	0.12419853224891121	0.4967964482923876	0.0	0.0	0.0	0.0	0.0	0.0	0.0	0.0	0.190800000010904	0.0	0.0	0.0	0.19800006837166845	0.0
1.5642857143	-2.2177793087478527e-08	42.85714	1.0	1.44e-10	0.021428	0.18	1.0	7.0457507427883	-2.7403316791591465	8.519999888718289e-08	0.004052765940694449	0.0077134140743367295	0.041200000000000105	-8.480900300123635e-10	6.112009681927737e-05	0.004557721252975448	0.0005110000000000021	0.005149731708954327	0.04010000000000017	0.011108154051558908	0.00017999999999999914	0.0002521541727153773	0.0	0.0	0.0	0.0	0.0	0.0	5.03800113717423	0.12419853224891123	0.49679644829238795	0.0	0.0	0.0	0.0	0.0	0.0	0.0	0.0	0.190800000010904	0.0	0.0	0.0	0.19800006837166845	0.0
1.6071428571	-2.2177784348825964e-08	42.85714	1.0	1.44e-10	0.021428	0.18	1.0	7.0457507427882	-2.7403316791590244	8.519999888718358e-08	0.0040527659406942055	0.007713414074339402	0.041200000000000084	-8.480900300125684e-10	6.112009681929691e-05	0.004557721252975269	0.0005110000000000024	0.005149731708956124	0.04010000000000015	0.011108154051559196	0.00017999999999999906	0.0002521541727153949	0.0	0.0	0.0	0.0	0.0	0.0	5.0380011371742315	0.12419853224891121	0.4967964482923876	0.0	0.0	0.0	0.0	0.0	0.0	0.0	0.0	0.190800000010904	0.0	0.0	0.0	0.19800006837166845	0.0
1.65	-2.21777937665423e-08	42.85714	1.0	1.44e-10	0.021428	0.18	1.0	7.04575074278831	-2.7403316791591577	8.519999888718191e-08	0.004052765940694432	0.007713414074336569	0.041200000000000084	-8.480900300123569e-10	6.112009681927613e-05	0.004557721252975419	0.0005110000000000022	0.005149731708954218	0.04010000000000016	0.011108154051558983	0.00017999999999999914	0.00025215417271537454	0.0	0.0	0.0	0.0	0.0	0.0	5.038001137174231	0.12419853224891123	0.49679644829238795	0.0	0.0	0.0	0.0	0.0	0.0	0.0	0.0	0.190800000010904	0.0	0.0	0.0	0.19800006837166845	0.0
1.6928571429	-2.2177789473910617e-08	42.85714	1.0	1.44e-10	0.021428	0.18	1.0	7.045750742788266	-2.740331679159105	8.519999888718181e-08	0.0040527659406942584	0.007713414074337864	0.04120000000000009	-8.480900300124326e-10	6.112009681928569e-05	0.004557721252975263	0.0005110000000000023	0.005149731708955089	0.040100000000000156	0.011108154051559113	0.00017999999999999912	0.000252154172715383	0.0	0.0	0.0	0.0	0.0	0.0	5.0380011371742315	0.12419853224891123	0.4967964482923878	0.0	0.0	0.0	0.0	0.0	0.0	0.0	0.0	0.190800000010904	0.0	0.0	0.0	0.19800006837166848	0.0
1.7357142857	-2.2177792775237616e-08	42.85714	1.0	1.44e-10	0.021428	0.18	1.0	7.045750742788304	-2.740331679159153	8.519999888718284e-08	0.00405276594069444	0.007713414074336612	0.041200000000000105	-8.48090030012343e-10	6.112009681927646e-05	0.004557721252975435	0.0005110000000000018	0.005149731708954254	0.04010000000000018	0.011108154051558568	0.00017999999999999914	0.00025215417271538186	0.0	0.0	0.0	0.0	0.0	0.0	5.038001137174231	0.12419853224891123	0.49679644829238795	0.0	0.0	0.0	0.0	0.0	0.0	0.0	0.0	0.190800000010904	0.0	0.0	0.0	0.19800006837166848	0.0
1.7785714286	-2.2177794181196265e-08	42.85714	1.0	1.44e-10	0.021428	0.18	1.0	7.045750742788324	-2.7403316791591728	8.519999888718251e-08	0.004052765940694315	0.007713414074336529	0.041200000000000125	-8.480900300123695e-10	6.112009681927598e-05	0.004557721252975271	0.0005110000000000019	0.005149731708954189	0.04010000000000019	0.011108154051559169	0.00017999999999999917	0.0002521541727153707	0.0	0.0	0.0	0.0	0.0	0.0	5.038001137174231	0.12419853224891123	0.49679644829238795	0.0	0.0	0.0	0.0	0.0	0.0	0.0	0.0	0.190800000010904	0.0	0.0	0.0	0.19800006837166845	0.0
1.85	-2.2177788230223152e-08	100.0	1.0	1.44e-10	0.05	0.18	1.0	7.045750742788246	-2.740331679159084	8.519999888718296e-08	0.00405276594069438	0.007713414074337963	0.0412000000000001	-8.480900300124332e-10	6.112009681928636e-05	0.004557721252975422	0.0005110000000000024	0.005149731708955161	0.04010000000000017	0.011108154051558627	0.0001799999999999991	0.0002521541727153926	0.0	0.0	0.0	0.0	0.0	0.0	5.0380011371742315	0.12419853224891123	0.4967964482923878	0.0	0.0	0.0	0.0	0.0	0.0	0.0	0.0	0.190800000010904	0.0	0.0	0.0	0.19800006837166845	0.0
1.95	-2.217778780772227e-08	100.0	1.0	1.44e-10	0.05	0.18	1.0	7.045750742788248	-2.740331679159084	8.519999888718156e-08	0.004052765940694247	0.00771341407433825	0.0412000000000001	-8.480900300124582e-10	6.112009681928853e-05	0.00455772125297527	0.000511000000000002	0.005149731708955351	0.04010000000000017	0.01110815405155895	0.0001799999999999991	0.00025215417271538907	0.0	0.0	0.0	0.0	0.0	0.0	5.0380011371742315	0.12419853224891121	0.4967964482923877	0.0	0.0	0.0	0.0	0.0	0.0	0.0	0.0	0.190800000010904	0.0	0.0	0.0	0.19800006837166845	0.0
2.05	-2.2177778680142675e-08	100.0	1.0	1.44e-10	0.05	0.18	1.0	7.045750742788117	-2.7403316791589294	8.519999888718342e-08	0.004052765940694296	0.007713414074340905	0.041200000000000084	-8.480900300126042e-10	6.112009681930802e-05	0.004557721252975452	0.0005110000000000021	0.00514973170895714	0.04010000000000017	0.011108154051558926	0.00017999999999999917	0.0002521541727154127	0.0	0.0	0.0	0.0	0.0	0.0	5.038001137174231	0.12419853224891123	0.49679644829238745	0.0	0.0	0.0	0.0	0.0	0.0	0.0	0.0	0.190800000010904	0.0	0.0	0.0	0.19800006837166848	0.0
2.15	-2.217778114687202e-08	100.0	1.0	1.44e-10	0.05	0.18	1.0	7.045750742788162	-2.7403316791589813	8.519999888718305e-08	0.004052765940694175	0.00771341407434022	0.041200000000000105	-8.480900300125767e-10	6.112009681930303e-05	0.004557721252975272	0.0005110000000000019	0.005149731708956678	0.04010000000000016	0.011108154051559009	0.00017999999999999923	0.00025215417271540473	0.0	0.0	0.0	0.0	0.0	0.0	5.0380011371742315	0.12419853224891121	0.4967964482923875	0.0	0.0	0.0	0.0	0.0	0.0	0.0	0.0	0.190800000010904	0.0	0.0	0.0	0.19800006837166845	0.0
2.25	-2.2177794730891848e-08	100.0	1.0	1.44e-10	0.05	0.18	1.0	7.045750742788327	-2.7403316791591803	8.519999888718309e-08	0.0040527659406944475	0.007713414074336118	0.04120000000000009	-8.480900300123236e-10	6.112009681927295e-05	0.004557721252975421	0.0005110000000000023	0.0051497317089539175	0.04010000000000015	0.011108154051558686	0.00017999999999999917	0.0002521541727153763	0.0	0.0	0.0	0.0	0.0	0.0	5.038001137174231	0.12419853224891123	0.496796448292388	0.0	0.0	0.0	0.0	0.0	0.0	0.0	0.0	0.190800000010904	0.0	0.0	0.0	0.19800006837166845	0.0
2.35	-2.2177783273804785e-08	100.0	1.0	1.44e-10	0.05	0.18	1.0	7.045750742788189	-2.740331679159013	8.519999888718144e-08	0.004052765940694193	0.00771341407433962	0.04120000000000009	-8.480900300125546e-10	6.112009681929859e-05	0.0045577212529752656	0.0005110000000000022	0.005149731708956273	0.04010000000000017	0.011108154051559054	0.00017999999999999925	0.0002521541727153988	0.0	0.0	0.0	0.0	0.0	0.0	5.0380011371742315	0.12419853224891123	0.49679644829238756	0.0	0.0	0.0	0.0	0.0	0.0	0.0	0.0	0.190800000010904	0.0	0.0	0.0	0.19800006837166848	0.0
2.45	-2.2177793666108756e-08	100.0	1.0	1.44e-10	0.05	0.18	1.0	7.045750742788306	-2.7403316791591545	8.519999888718203e-08	0.004052765940694455	0.007713414074336595	0.041200000000000105	-8.480900300123459e-10	6.112009681927632e-05	0.00455772125297545	0.0005110000000000022	0.005149731708954236	0.040100000000000156	0.01110815405155896	0.00017999999999999914	0.000252154172715375	0.0	0.0	0.0	0.0	0.0	0.0	5.038001137174231	0.12419853224891123	0.49679644829238795	0.0	0.0	0.0	0.0	0.0	0.0	0.0	0.0	0.190800000010904	0.0	0.0	0.0	0.19800006837166848	0.0
2.55	-2.2177794053845708e-08	100.0	1.0	1.44e-10	0.05	0.18	1.0	7.045750742788323	-2.740331679159173	8.519999888718194e-08	0.004052765940694324	0.007713414074336518	0.041200000000000084	-8.480900300123538e-10	6.112009681927579e-05	0.004557721252975282	0.0005110000000000024	0.005149731708954182	0.04010000000000014	0.011108154051559077	0.00017999999999999917	0.000252154172715372	0.0	0.0	0.0	0.0	0.0	0.0	5.0380011371742315	0.12419853224891124	0.49679644829238795	0.0	0.0	0.0	0.0	0.0	0.0	0.0	0.0	0.190800000010904	0.0	0.0	0.0	0.19800006837166845	0.0
2.65	-2.2177792252465825e-08	100.0	1.0	1.44e-10	0.05	0.18	1.0	7.045750742788289	-2.7403316791591337	8.519999888718261e-08	0.004052765940694437	0.00771341407433701	0.04120000000000009	-8.480900300123623e-10	6.112009681927937e-05	0.004557721252975444	0.0005110000000000021	0.005149731708954514	0.04010000000000016	0.011108154051558978	0.00017999999999999914	0.0002521541727153778	0.0	0.0	0.0	0.0	0.0	0.0	5.038001137174231	0.12419853224891123	0.4967964482923879	0.0	0.0	0.0	0.0	0.0	0.0	0.0	0.0	0.190800000010904	0.0	0.0	0.0	0.19800006837166845	0.0
2.75	-2.217779308296638e-08	100.0	1.0	1.44e-10	0.05	0.18	1.0	7.045750742788318	-2.740331679159169	8.519999888718232e-08	0.004052765940694306	0.007713414074336595	0.041200000000000105	-8.480900300123312e-10	6.112009681927643e-05	0.004557721252975269	0.000511000000000002	0.0051497317089542385	0.04010000000000016	0.011108154051558737	0.00017999999999999914	0.0002521541727153789	0.0	0.0	0.0	0.0	0.0	0.0	5.038001137174231	0.12419853224891123	0.49679644829238795	0.0	0.0	0.0	0.0	0.0	0.0	0.0	0.0	0.190800000010904	0.0	0.0	0.0	0.19800006837166848	0.0
2.925	-2.2177788610728983e-08	250.0	1.0	1.44e-10	0.125	0.18	1.0	7.04575074278825	-2.740331679159091	8.519999888718235e-08	0.004052765940694406	0.007713414074337806	0.04120000000000009	-8.480900300123854e-10	6.112009681928521e-05	0.004557721252975448	0.0005110000000000018	0.005149731708955058	0.04010000000000017	0.011108154051558546	0.0001799999999999991	0.00025215417271539265	0.0	0.0	0.0	0.0	0.0	0.0	5.0380011371742315	0.12419853224891123	0.4967964482923878	0.0	0.0	0.0	0.0	0.0	0.0	0.0	0.0	0.190800000010904	0.0	0.0	0.0	0.19800006837166848	0.0
3.175	-2.2177786083044605e-08	250.0	1.0	1.44e-10	0.125	0.18	1.0	7.04575074278823	-2.7403316791590653	8.519999888718235e-08	0.004052765940694256	0.007713414074338568	0.0412000000000001	-8.480900300124367e-10	6.11200968192908e-05	0.0045577212529752985	0.0005110000000000021	0.00514973170895557	0.04010000000000018	0.01110815405155865	0.0001799999999999991	0.0002521541727153976	0.0	0.0	0.0	0.0	0.0	0.0	5.038001137174231	0.12419853224891121	0.4967964482923877	0.0	0.0	0.0	0.0	0.0	0.0	0.0	0.0	0.190800000010904	0.0	0.0	0.0	0.19800006837166848	0.0
3.425	-2.2177787443437964e-08	250.0	1.0	1.44e-10	0.125	0.18	1.0	7.0457507427882335	-2.7403316791590697	8.519999888718347e-08	0.004052765940694406	0.007713414074338181	0.0412000000000001	-8.480900300124473e-10	6.112009681928794e-05	0.004557721252975464	0.0005110000000000022	0.005149731708955309	0.04010000000000016	0.011108154051558596	0.0001799999999999991	0.0002521541727153951	0.0	0.0	0.0	0.0	0.0	0.0	5.0380011371742315	0.12419853224891123	0.4967964482923877	0.0	0.0	0.0	0.0	0.0	0.0	0.0	0.0	0.190800000010904	0.0	0.0	0.0	0.19800006837166848	0.0
3.675	-2.2177788050957102e-08	250.0	1.0	1.44e-10	0.125	0.18	1.0	7.0457507427882415	-2.7403316791590764	8.519999888718251e-08	0.004052765940694293	0.007713414074338342	0.041200000000000105	-8.480900300124512e-10	6.112009681928921e-05	0.004557721252975329	0.0005110000000000023	0.0051497317089554085	0.04010000000000017	0.011108154051559205	0.0001799999999999991	0.0002521541727153853	0.0	0.0	0.0	0.0	0.0	0.0	5.0380011371742315	0.12419853224891121	0.4967964482923877	0.0	0.0	0.0	0.0	0.0	0.0	0.0	0.0	0.190800000010904	0.0	0.0	0.0	0.19800006837166845	0.0
3.925	-2.2177786101977486e-08	250.0	1.0	1.44e-10	0.125	0.18	1.0	7.045750742788239	-2.740331679159075	8.519999888718207e-08	0.004052765940694177	0.0077134140743385345	0.04120000000000009	-8.480900300124427e-10	6.11200968192905e-05	0.004557721252975198	0.0005110000000000021	0.005149731708955548	0.04010000000000015	0.01110815405155862	0.0001799999999999991	0.00025215417271539736	0.0	0.0	0.0	0.0	0.0	0.0	5.0380011371742315	0.12419853224891121	0.49679644829238767	0.0	0.0	0.0	0.0	0.0	0.0	0.0	0.0	0.190800000010904	0.0	0.0	0.0	0.19800006837166845	0.0
4.175	-2.2177791448781483e-08	250.0	1.0	1.44e-10	0.125	0.18	1.0	7.045750742788287	-2.7403316791591315	8.519999888718158e-08	0.004052765940694361	0.007713414074337184	0.0412000000000001	-8.480900300123803e-10	6.112009681928069e-05	0.004557721252975359	0.000511000000000002	0.005149731708954634	0.04010000000000016	0.011108154051558908	0.00017999999999999914	0.0002521541727153815	0.0	0.0	0.0	0.0	0.0	0.0	5.038001137174231	0.12419853224891123	0.4967964482923879	0.0	0.0	0.0	0.0	0.0	0.0	0.0	0.0	0.190800000010904	0.0	0.0	0.0	0.19800006837166845	0.0
4.425	-2.217778532613258e-08	250.0	1.0	1.44e-10	0.125	0.18	1.0	7.0457507427882184	-2.7403316791590484	8.519999888718093e-08	0.00405276594069418	0.007713414074339011	0.041200000000000105	-8.48090030012488e-10	6.112009681929416e-05	0.004557721252975222	0.0005110000000000018	0.005149731708955863	0.04010000000000017	0.011108154051559033	0.00017999999999999906	0.00025215417271539395	0.0	0.0	0.0	0.0	0.0	0.0	5.0380011371742315	0.12419853224891121	0.4967964482923876	0.0	0.0	0.0	0.0	0.0	0.0	0.0	0.0	0.190800000010904	0.0	0.0	0.0	0.19800006837166848	0.0
4.675	-2.21777870102416e-08	250.0	1.0	1.44e-10	0.125	0.18	1.0	7.045750742788226	-2.74033167915906	8.519999888718375e-08	0.004052765940694338	0.007713414074338513	0.04120000000000009	-8.480900300124501e-10	6.112009681929051e-05	0.004557721252975393	0.0005110000000000019	0.005149731708955528	0.04010000000000016	0.011108154051558974	0.00017999999999999928	0.0002521541727153912	0.0	0.0	0.0	0.0	0.0	0.0	5.038001137174231	0.12419853224891123	0.49679644829238767	0.0	0.0	0.0	0.0	0.0	0.0	0.0	0.0	0.190800000010904	0.0	0.0	0.0	0.19800006837166845	0.0
4.925	-2.2177784193453014e-08	250.0	1.0	1.44e-10	0.125	0.18	1.0	7.04575074278821	-2.74033167915904	8.519999888718244e-08	0.004052765940694187	0.007713414074339132	0.041200000000000084	-8.480900300124857e-10	6.112009681929496e-05	0.00455772125297524	0.000511000000000002	0.00514973170895595	0.040100000000000156	0.011108154051558686	0.00017999999999999925	0.00025215417271540143	0.0	0.0	0.0	0.0	0.0	0.0	5.0380011371742315	0.12419853224891121	0.49679644829238767	0.0	0.0	0.0	0.0	0.0	0.0	0.0	0.0	0.190800000010904	0.0	0.0	0.0	0.19800006837166845	0.0
5.175	-2.2177794895283156e-08	250.0	1.0	1.44e-10	0.125	0.18	1.0	7.045750742788324	-2.7403316791591754	8.519999888718263e-08	0.004052765940694439	0.0077134140743362525	0.04120000000000009	-8.480900300123106e-10	6.112009681927387e-05	0.004557721252975412	0.0005110000000000019	0.005149731708954005	0.04010000000000015	0.011108154051558999	0.00017999999999999917	0.0002521541727153715	0.0	0.0	0.0	0.0	0.0	0.0	5.03800113717423	0.12419853224891123	0.496796448292388	0.0	0.0	0.0	0.0	0.0	0.0	0.0	0.0	0.190800000010904	0.0	0.0	0.0	0.19800006837166845	0.0
5.425	-2.2177783691130295e-08	250.0	1.0	1.44e-10	0.125	0.18	1.0	7.045750742788194	-2.7403316791590178	8.519999888718187e-08	0.004052765940694179	0.007713414074339577	0.04120000000000009	-8.480900300125521e-10	6.112009681929828e-05	0.004557721252975244	0.0005110000000000023	0.005149731708956243	0.04010000000000016	0.011108154051559183	0.00017999999999999925	0.0002521541727153963	0.0	0.0	0.0	0.0	0.0	0.0	5.0380011371742315	0.12419853224891123	0.49679644829238756	0.0	0.0	0.0	0.0	0.0	0.0	0.0	0.0	0.190800000010904	0.0	0.0	0.0	0.19800006837166848	0.0
5.675	-2.2177794293231622e-08	250.0	1.0	1.44e-10	0.125	0.18	1.0	7.045750742788314	-2.7403316791591625	8.51999988871822e-08	0.004052765940694417	0.0077134140743365335	0.041200000000000125	-8.480900300123542e-10	6.112009681927601e-05	0.004557721252975397	0.0005110000000000026	0.005149731708954191	0.040100000000000184	0.011108154051559183	0.00017999999999999914	0.00025215417271537037	0.0	0.0	0.0	0.0	0.0	0.0	5.038001137174231	0.12419853224891123	0.49679644829238795	0.0	0.0	0.0	0.0	0.0	0.0	0.0	0.0	0.190800000010904	0.0	0.0	0.0	0.19800006837166848	0.0
5.925	-2.2177792519488726e-08	250.0	1.0	1.44e-10	0.125	0.18	1.0	7.045750742788306	-2.740331679159151	8.519999888718193e-08	0.004052765940694259	0.0077134140743370236	0.04120000000000011	-8.48090030012403e-10	6.112009681927956e-05	0.004557721252975226	0.0005110000000000023	0.005149731708954522	0.040100000000000156	0.011108154051559183	0.00017999999999999895	0.0002521541727153746	0.0	0.0	0.0	0.0	0.0	0.0	5.0380011371742315	0.12419853224891123	0.4967964482923879	0.0	0.0	0.0	0.0	0.0	0.0	0.0	0.0	0.190800000010904	0.0	0.0	0.0	0.19800006837166848	0.0
6.175	-2.217778091522969e-08	250.0	1.0	1.44e-10	0.125	0.18	1.0	7.045750742788147	-2.7403316791589654	8.519999888718361e-08	0.00405276594069427	0.007713414074340366	0.041200000000000084	-8.480900300125548e-10	6.112009681930391e-05	0.004557721252975394	0.0005110000000000019	0.005149731708956775	0.04010000000000015	0.011108154051559108	0.0001799999999999992	0.00025215417271540435	0.0	0.0	0.0	0.0	0.0	0.0	5.038001137174231	0.12419853224891123	0.4967964482923875	0.0	0.0	0.0	0.0	0.0	0.0	0.0	0.0	0.190800000010904	0.0	0.0	0.0	0.19800006837166848	0.0
6.425	-2.217780491003066e-08	250.0	1.0	1.44e-10	0.125	0.18	1.0	7.045750742788464	-2.7403316791593397	8.519999888718174e-08	0.004052765940694407	0.007713414074333368	0.04120000000000009	-8.480900300121517e-10	6.112009681925284e-05	0.00455772125297524	0.0005110000000000027	0.00514973170895206	0.04010000000000015	0.011108154051559077	0.0001799999999999991	0.00025215417271534505	0.0	0.0	0.0	0.0	0.0	0.0	5.038001137174231	0.12419853224891124	0.49679644829238834	0.0	0.0	0.0	0.0	0.0	0.0	0.0	0.0	0.190800000010904	0.0	0.0	0.0	0.19800006837166848	0.0
6.675	-2.2177794890635486e-08	250.0	1.0	1.44e-10	0.125	0.18	1.0	7.045750742788329	-2.7403316791591803	8.519999888718329e-08	0.004052765940694433	0.00771341407433615	0.04120000000000009	-8.480900300123488e-10	6.112009681927307e-05	0.004557721252975401	0.0005110000000000022	0.005149731708953938	0.04010000000000016	0.01110815405155883	0.00017999999999999917	0.0002521541727153734	0.0	0.0	0.0	0.0	0.0	0.0	5.038001137174231	0.12419853224891123	0.496796448292388	0.0	0.0	0.0	0.0	0.0	0.0	0.0	0.0	0.190800000010904	0.0	0.0	0.0	0.19800006837166848	0.0
6.925	-2.217778273572202e-08	250.0	1.0	1.44e-10	0.125	0.18	1.0	7.0457507427881865	-2.740331679159011	8.519999888718202e-08	0.004052765940694165	0.0077134140743397115	0.0412000000000001	-8.480900300125356e-10	6.112009681929925e-05	0.004557721252975235	0.000511000000000002	0.005149731708956337	0.04010000000000018	0.011108154051558962	0.00017999999999999925	0.00025215417271540175	0.0	0.0	0.0	0.0	0.0	0.0	5.0380011371742315	0.12419853224891123	0.49679644829238756	0.0	0.0	0.0	0.0	0.0	0.0	0.0	0.0	0.190800000010904	0.0	0.0	0.0	0.19800006837166848	0.0
7.175	-2.2177783031995514e-08	250.0	1.0	1.44e-10	0.125	0.18	1.0	7.045750742788174	-2.740331679158998	8.519999888718267e-08	0.004052765940694327	0.007713414074339643	0.04120000000000009	-8.480900300125182e-10	6.112009681929876e-05	0.004557721252975431	0.000511000000000002	0.005149731708956291	0.040100000000000156	0.01110815405155892	0.00017999999999999923	0.00025215417271540186	0.0	0.0	0.0	0.0	0.0	0.0	5.0380011371742315	0.12419853224891121	0.49679644829238756	0.0	0.0	0.0	0.0	0.0	0.0	0.0	0.0	0.190800000010904	0.0	0.0	0.0	0.19800006837166848	0.0
7.425	-2.217778358077884e-08	250.0	1.0	1.44e-10	0.125	0.18	1.0	7.0457507427881945	-2.7403316791590213	8.519999888718271e-08	0.004052765940694197	0.007713414074339468	0.04120000000000009	-8.480900300125068e-10	6.112009681929752e-05	0.004557721252975265	0.0005110000000000021	0.005149731708956171	0.04010000000000017	0.011108154051558943	0.00017999999999999906	0.00025215417271539975	0.0	0.0	0.0	0.0	0.0	0.0	5.0380011371742315	0.12419853224891121	0.49679644829238756	0.0	0.0	0.0	0.0	0.0	0.0	0.0	0.0	0.190800000010904	0.0	0.0	0.0	0.19800006837166845	0.0
7.675	-2.2177793557292975e-08	250.0	1.0	1.44e-10	0.125	0.18	1.0	7.045750742788305	-2.740331679159151	8.5199998887182e-08	0.004052765940694449	0.007713414074336653	0.041200000000000084	-8.480900300123774e-10	6.11200968192768e-05	0.004557721252975444	0.0005110000000000022	0.005149731708954274	0.04010000000000016	0.011108154051559014	0.00017999999999999914	0.0002521541727153748	0.0	0.0	0.0	0.0	0.0	0.0	5.038001137174231	0.12419853224891123	0.49679644829238795	0.0	0.0	0.0	0.0	0.0	0.0	0.0	0.0	0.190800000010904	0.0	0.0	0.0	0.19800006837166845	0.0
7.925	-2.217777915948963e-08	250.0	1.0	1.44e-10	0.125	0.18	1.0	7.045750742788135	-2.7403316791589485	8.519999888718287e-08	0.00405276594069415	0.007713414074340869	0.041200000000000105	-8.480900300126363e-10	6.112009681930772e-05	0.00455772125297527	0.0005110000000000018	0.005149731708957113	0.04010000000000018	0.011108154051559148	0.000179999999999999	0.0002521541727154082	0.0	0.0	0.0	0.0	0.0	0.0	5.038001137174231	0.12419853224891123	0.49679644829238745	0.0	0.0	0.0	0.0	0.0	0.0	0.0	0.0	0.190800000010904	0.0	0.0	0.0	0.19800006837166848	0.0
8.175	-2.217778343058042e-08	250.0	1.0	1.44e-10	0.125	0.18	1.0	7.04575074278818	-2.7403316791590044	8.519999888718312e-08	0.004052765940694322	0.007713414074339525	0.0412000000000001	-8.480900300125267e-10	6.11200968192978e-05	0.004557721252975419	0.0005110000000000021	0.00514973170895621	0.04010000000000016	0.01110815405155892	0.00017999999999999923	0.00025215417271540083	0.0	0.0	0.0	0.0	0.0	0.0	5.0380011371742315	0.12419853224891121	0.49679644829238756	0.0	0.0	0.0	0.0	0.0	0.0	0.0	0.0	0.190800000010904	0.0	0.0	0.0	0.19800006837166845	0.0
8.425	-2.217778471169742e-08	250.0	1.0	1.44e-10	0.125	0.18	1.0	7.04575074278821	-2.740331679159038	8.51999988871813e-08	0.004052765940694201	0.007713414074339154	0.041200000000000105	-8.480900300125171e-10	6.112009681929513e-05	0.004557721252975253	0.0005110000000000018	0.005149731708955959	0.040100000000000184	0.011108154051558967	0.00017999999999999906	0.0002521541727153968	0.0	0.0	0.0	0.0	0.0	0.0	5.0380011371742315	0.12419853224891121	0.4967964482923876	0.0	0.0	0.0	0.0	0.0	0.0	0.0	0.0	0.190800000010904	0.0	0.0	0.0	0.19800006837166848	0.0
8.675	-2.2177786467792384e-08	250.0	1.0	1.44e-10	0.125	0.18	1.0	7.045750742788219	-2.7403316791590506	8.519999888718277e-08	0.004052765940694368	0.007713414074338604	0.0412000000000001	-8.480900300124845e-10	6.112009681929101e-05	0.0045577212529754356	0.0005110000000000018	0.005149731708955591	0.04010000000000017	0.011108154051558848	0.0001799999999999991	0.0002521541727153936	0.0	0.0	0.0	0.0	0.0	0.0	5.0380011371742315	0.12419853224891123	0.49679644829238767	0.0	0.0	0.0	0.0	0.0	0.0	0.0	0.0	0.190800000010904	0.0	0.0	0.0	0.19800006837166845	0.0
8.925	-2.2177794474880372e-08	250.0	1.0	1.44e-10	0.125	0.18	1.0	7.045750742788338	-2.7403316791591936	8.519999888718223e-08	0.004052765940694317	0.007713414074336115	0.04120000000000009	-8.480900300122994e-10	6.112009681927299e-05	0.00455772125297526	0.0005110000000000022	0.0051497317089539175	0.040100000000000156	0.011108154051558614	0.00017999999999999917	0.000252154172715377	0.0	0.0	0.0	0.0	0.0	0.0	5.038001137174231	0.12419853224891123	0.496796448292388	0.0	0.0	0.0	0.0	0.0	0.0	0.0	0.0	0.190800000010904	0.0	0.0	0.0	0.19800006837166848	0.0
9.175	-2.217778064929014e-08	250.0	1.0	1.44e-10	0.125	0.18	1.0	7.045750742788148	-2.7403316791589676	8.519999888718277e-08	0.004052765940694302	0.007713414074340217	0.041200000000000084	-8.480900300125748e-10	6.112009681930284e-05	0.00455772125297543	0.0005110000000000026	0.005149731708956679	0.04010000000000016	0.01110815405155873	0.0001799999999999992	0.0002521541727154101	0.0	0.0	0.0	0.0	0.0	0.0	5.0380011371742315	0.12419853224891121	0.4967964482923875	0.0	0.0	0.0	0.0	0.0	0.0	0.0	0.0	0.190800000010904	0.0	0.0	0.0	0.19800006837166845	0.0
9.425	-2.217779205582204e-08	250.0	1.0	1.44e-10	0.125	0.18	1.0	7.045750742788303	-2.74033167915915	8.519999888718077e-08	0.004052765940694294	0.007713414074336973	0.04120000000000009	-8.480900300123521e-10	6.112009681927917e-05	0.00455772125297527	0.000511000000000002	0.005149731708954492	0.04010000000000016	0.011108154051558877	0.00017999999999999933	0.0002521541727153797	0.0	0.0	0.0	0.0	0.0	0.0	5.038001137174231	0.12419853224891123	0.4967964482923879	0.0	0.0	0.0	0.0	0.0	0.0	0.0	0.0	0.190800000010904	0.0	0.0	0.0	0.19800006837166848	0.0
9.675	-2.2177787776060182e-08	250.0	1.0	1.44e-10	0.125	0.18	1.0	7.045750742788227	-2.7403316791590595	8.519999888718194e-08	0.004052765940694393	0.00771341407433844	0.041200000000000084	-8.480900300124692e-10	6.112009681928986e-05	0.004557721252975454	0.0005110000000000022	0.0051497317089554745	0.04010000000000016	0.011108154051559198	0.0001799999999999991	0.0002521541727153867	0.0	0.0	0.0	0.0	0.0	0.0	5.0380011371742315	0.12419853224891121	0.4967964482923877	0.0	0.0	0.0	0.0	0.0	0.0	0.0	0.0	0.190800000010904	0.0	0.0	0.0	0.19800006837166845	0.0
9.925	-2.2177782800337085e-08	250.0	1.0	1.44e-10	0.125	0.18	1.0	7.045750742788181	-2.740331679159005	8.519999888718238e-08	0.004052765940694214	0.0077134140743397315	0.0412000000000001	-8.480900300125389e-10	6.112009681929939e-05	0.004557721252975297	0.0005110000000000021	0.00514973170895635	0.040100000000000156	0.011108154051558997	0.00017999999999999923	0.00025215417271540105	0.0	0.0	0.0	0.0	0.0	0.0	5.0380011371742315	0.12419853224891121	0.49679644829238756	0.0	0.0	0.0	0.0	0.0	0.0	0.0	0.0	0.190800000010904	0.0	0.0	0.0	0.19800006837166848	0.0
10.175	-2.217778309384247e-08	250.0	1.0	1.44e-10	0.125	0.18	1.0	7.045750742788172	-2.7403316791589942	8.519999888718256e-08	0.004052765940694339	0.007713414074339674	0.04120000000000009	-8.480900300125407e-10	6.112009681929895e-05	0.004557721252975447	0.0005110000000000027	0.00514973170895631	0.04010000000000016	0.011108154051558993	0.00017999999999999923	0.0002521541727154006	0.0	0.0	0.0	0.0	0.0	0.0	5.0380011371742315	0.12419853224891121	0.49679644829238756	0.0	0.0	0.0	0.0	0.0	0.0	0.0	0.0	0.190800000010904	0.0	0.0	0.0	0.19800006837166848	0.0
